2.0
20
5
21
2.7500 3.0500 2.7250 2.5750 2.2250 
0.0580 0.0560 0.0475 0.0420 0.0610 
0.0405 0.0530 0.0390 0.0375 0.0465 
0.0435 0.0450 0.0520 0.0570 0.0520 
0.0475 0.0485 0.0400 0.0605 0.0425 
0.0490 0.0570 0.0580 0.0470 0.0440 
0.0520 0.0505 0.0540 0.0405 0.0515 
0.0505 0.0595 0.0575 0.0420 0.0435 
0.0530 0.0445 0.0545 0.0480 0.0595 
0.0435 0.0575 0.0555 0.0490 0.0560 
0.0530 0.0550 0.0440 0.0585 0.0600 
0.0560 0.0445 0.0380 0.0425 0.0450 
0.0385 0.0500 0.0620 0.0380 0.0550 
0.0525 0.0445 0.0395 0.0455 0.0540 
0.0510 0.0545 0.0500 0.0465 0.0440 
0.3660 0.3000 0.3720 0.3420 0.3060 
0.2490 0.3240 0.2250 0.2550 0.3300 
0.0440 0.0615 0.0385 0.0430 0.0545 
0.0440 0.0430 0.0400 0.0595 0.0570 
0.3450 0.3720 0.3030 0.3540 0.3270 
0.2940 0.2310 0.3270 0.3570 0.2310 
